4 0.3497267765625 0.309090909375 0.32786885312499997 0.3054545453125 0.2923497265625 0.3054545453125 0.229508196875 0.3163636359375 0.25683060156250004 0.33090909062499996 0.34426229531249997 0.33090909062499996 0.3497267765625 0.309090909375
4 0.21857923437500001 0.43636363593749994 0.16393442656249999 0.42181818125000003 0.125683059375 0.42181818125000003 0.09836065625 0.43272727343749995 0.1147540984375 0.450909090625 0.224043715625 0.450909090625 0.21857923437500001 0.43636363593749994
4 0.5628415296875 0.4036363640625 0.5464480875 0.4036363640625 0.508196721875 0.45818181874999997 0.6284153 0.44000000000000006 0.6120218578125 0.40727272656249996 0.5628415296875 0.4036363640625
4 0.36612021875 0.24727272656250002 0.35519125625000003 0.24727272656250002 0.35519125625000003 0.30181818125 0.40437158437500004 0.33818181875 0.4426229515625 0.29818181875 0.36612021875 0.24727272656250002
4 0.45355191250000004 0.40727272656249996 0.3497267765625 0.389090909375 0.32786885312499997 0.389090909375 0.31147540937499996 0.4036363640625 0.3770491796875 0.43636363593749994 0.4699453546875 0.4254545453125 0.45355191250000004 0.40727272656249996
4 0.81420765 0.3054545453125 0.7103825140625 0.2872727265625 0.6748633875000001 0.2872727265625 0.63387978125 0.29454545468750004 0.6994535515625 0.34181818124999996 0.765027321875 0.3345454546875 0.81420765 0.3054545453125
4 0.2131147546875 0.4 0.25683060156250004 0.3527272734375 0.1967213109375 0.3163636359375 0.18579235 0.3163636359375 0.136612021875 0.33090909062499996 0.142076503125 0.3672727265625 0.18032786875 0.4 0.2131147546875 0.4
4 0.9508196718749999 0.450909090625 0.8032786890624999 0.3854545453125 0.7978142078125 0.3854545453125 0.765027321875 0.3963636359375 0.8251366125 0.45818181874999997 0.9508196718749999 0.4727272734375 0.9508196718749999 0.450909090625
4 0.672131146875 0.4654545453125 0.7103825140625 0.4945454546875 0.7103825140625 0.54181818125 0.7978142078125 0.54181818125 0.765027321875 0.4727272734375 0.73770491875 0.45454545468749996 0.672131146875 0.45454545468749996 0.6666666671875 0.43636363593749994 0.6612021859375 0.43636363593749994 0.5628415296875 0.4872727265625 0.5573770484375 0.5272727265625 0.601092896875 0.5454545453125 0.672131146875 0.4654545453125
4 0.3770491796875 0.5672727265625 0.4699453546875 0.6545454546875 0.584699453125 0.6145454546875 0.54098360625 0.53818181875 0.2896174859375 0.46181818124999996 0.2841530046875 0.46181818124999996 0.25683060156250004 0.4945454546875 0.3606557375 0.549090909375 0.3497267765625 0.5599999999999999 0.3770491796875 0.5672727265625
4 0.6557377046874999 0.7345454546875 0.8415300546875001 0.7163636359375001 0.8415300546875001 0.7454545453125 0.81420765 0.74181818125 0.8743169406250001 0.7672727265625 0.857923496875 0.73818181875 0.8743169406250001 0.610909090625 0.781420765625 0.58181818125 0.7759562843750001 0.58181818125 0.7540983609375 0.6036363640625 0.64480874375 0.5927272734375 0.5792349734375 0.6836363640625 0.6557377046874999 0.7345454546875
4 0.316939890625 0.8472727265625 0.316939890625 0.8109090906249999 0.464480875 0.74181818125 0.464480875 0.690909090625 0.3715847 0.62181818125 0.32786885312499997 0.6036363640625 0.2459016390625 0.6 0.10928961718750001 0.509090909375 0.0765027328125 0.509090909375 0.032786885937499996 0.5563636359374999 0.1584699453125 0.6581818187499999 0.1693989078125 0.7272727265625 0.316939890625 0.8472727265625