0 0.1171875 0.6796875 0.15625 0.65625 0.15234375 0.6171875 0.125 0.60546875 0.12109375 0.6015625 0.09765625 0.609375 0.08203125 0.63671875 0.0859375 0.66015625 0.1171875 0.6796875
0 0.57421875 0.66015625 0.59765625 0.6328125 0.59765625 0.6015625 0.5703125 0.57421875 0.5390625 0.57421875 0.515625 0.58984375 0.5078125 0.62890625 0.54296875 0.6640625 0.57421875 0.66015625
0 0.36328125 0.6171875 0.37890625 0.58984375 0.37109375 0.55078125 0.33984375 0.53125 0.328125 0.53125 0.2890625 0.5625 0.29296875 0.60546875 0.32421875 0.625 0.36328125 0.6171875
0 0.94140625 0.4375 0.9210069453124999 0.4375 0.7578125 0.4375 0.75390625 0.484375 0.9296875 0.4921875 0.94140625 0.4375
0 0.1484375 0.2578125 0.17578125 0.21484375 0.16796875 0.171875 0.12890625 0.14453125 0.09375 0.14453125 0.05078125 0.19140625 0.05859375 0.23828125 0.09375 0.265625 0.1484375 0.2578125
0 0.51953125 0.40625 0.515625 0.40234375 0.515625 0.484375 0.66796875 0.484375 0.671875 0.40625 0.51953125 0.40625
0 0.16015625 0.90234375 0.15625 0.703125 0.1328125 0.703125 0.08203125 0.7109375 0.08203125 0.8984375 0.09375 0.91015625 0.16015625 0.90234375
0 0.92578125 0.38671875 0.9453125 0.35546875 0.93359375 0.2890625 0.83984375 0.28125 0.8359375 0.27734375 0.7578125 0.296875 0.75390625 0.3671875 0.7734375 0.38671875 0.92578125 0.38671875
0 0.7890625 0.68359375 0.85546875 0.67578125 0.890625 0.6171875 0.87890625 0.5625 0.84765625 0.53515625 0.81640625 0.53125 0.8125 0.52734375 0.765625 0.54296875 0.734375 0.5859375 0.7421875 0.64453125 0.7890625 0.68359375
0 0.578125 0.359375 0.64453125 0.34375 0.67578125 0.28125 0.66015625 0.23046875 0.6015625 0.19921875 0.59765625 0.1953125 0.546875 0.2109375 0.51171875 0.265625 0.51953125 0.31640625 0.578125 0.359375
0 0.328125 0.24609375 0.40234375 0.2265625 0.4296875 0.16796875 0.41796875 0.1171875 0.35546875 0.078125 0.33203125 0.078125 0.2890625 0.09765625 0.26171875 0.1484375 0.28125 0.21875 0.328125 0.24609375
0 0.171875 0.48046875 0.171875 0.296875 0.15234375 0.296875 0.0546875 0.296875 0.05859375 0.484375 0.12109375 0.4921875 0.171875 0.48046875
0 0.51171875 0.90625 0.60546875 0.8984375 0.60546875 0.703125 0.59375 0.6875 0.572265625 0.6875 0.5078125 0.6875 0.5 0.70703125 0.5 0.8984375 0.51171875 0.90625
0 0.3515625 0.91015625 0.38671875 0.8984375 0.38671875 0.66796875 0.37890625 0.6484375 0.33203125 0.6484375 0.328125 0.64453125 0.2890625 0.6484375 0.28125 0.6640625 0.28125 0.89453125 0.3515625 0.91015625
0 0.88671875 0.8984375 0.88671875 0.703125 0.86495535625 0.703125 0.734375 0.703125 0.734375 0.8984375 0.7890625 0.91015625 0.88671875 0.8984375
0 0.4296875 0.28125 0.27734375 0.2734375 0.265625 0.2734375 0.26171875 0.4765625 0.30859375 0.4921875 0.42578125 0.48046875 0.4296875 0.28125