0 0 0.796875 0.0390625 0.80078125 0.0390625 0.77734375 0.0078125 0.734375 0 0.7265625 0 0.796875
0 0.68359375 0.75390625 0.62109375 0.7109375 0.595703125 0.7109375 0.53515625 0.7265625 0.4921875 0.796875 0.69921875 0.796875 0.68359375 0.75390625
0 0.44140625 0.73046875 0.3828125 0.70703125 0.359375 0.70703125 0.3125 0.7265625 0.26953125 0.796875 0.48046875 0.796875 0.44140625 0.73046875
0 0.23828125 0.7421875 0.16796875 0.703125 0.14453125 0.703125 0.078125 0.734375 0.05078125 0.79296875 0.26171875 0.796875 0.23828125 0.7421875
0 0.5625 0.48046875 0.64453125 0.46875 0.69140625 0.41015625 0.68359375 0.328125 0.625 0.28125 0.6028645828125 0.28125 0.546875 0.28515625 0.48828125 0.34765625 0.5 0.4296875 0.5625 0.48046875
0 0.296875 0.4453125 0.359375 0.48046875 0.4296875 0.46484375 0.48046875 0.390625 0.45703125 0.3125 0.4140625 0.28125 0.3828125 0.27734375 0.37890625 0.2734375 0.3046875 0.30078125 0.26953125 0.36328125 0.2734375 0.40625 0.296875 0.4453125
0 0.140625 0.4765625 0.21484375 0.4609375 0.26171875 0.39453125 0.26171875 0.34375 0.24609375 0.31640625 0.21484375 0.28515625 0.16015625 0.2734375 0.15625 0.26953125 0.09375 0.29296875 0.0546875 0.36328125 0.078125 0.44140625 0.140625 0.4765625
0 0.53125 0.6796875 0.609375 0.69921875 0.6796875 0.65625 0.69921875 0.5859375 0.6875 0.546875 0.65234375 0.5078125 0.5859375 0.48828125 0.58203125 0.48828125 0.5078125 0.53125 0.48828125 0.5703125 0.48828125 0.6171875 0.53125 0.6796875
0 0.359375 0.69921875 0.43359375 0.68359375 0.48046875 0.62109375 0.48046875 0.5703125 0.45703125 0.52734375 0.4140625 0.49609375 0.37890625 0.4921875 0.375 0.48828125 0.3046875 0.515625 0.26953125 0.58203125 0.296875 0.6640625 0.359375 0.69921875
0 0 0.67578125 0.03515625 0.63671875 0.046875 0.57421875 0.05859375 0.6328125 0.09765625 0.6796875 0.1640625 0.6953125 0.23046875 0.66796875 0.26171875 0.61328125 0.26171875 0.57421875 0.23046875 0.515625 0.171875 0.48828125 0.15234375 0.48828125 0.08984375 0.5078125 0.05078125 0.5703125 0 0.51171875 0 0.67578125
0 0 0.45703125 0.0390625 0.3984375 0.0234375 0.31640625 0 0.29296875 0 0.45703125