8 0.134453125 0.11609375 0.010781250000000001 0.11609375 0.010781250000000001 0.25906250000000003 0.134453125 0.25906250000000003 0.134453125 0.11609375
8 0.27818359375 0.11589843749999999 0.15103515625 0.11589843749999999 0.15103515625 0.2555078125 0.27818359375 0.2555078125 0.27818359375 0.11589843749999999
8 0.41982421875 0.11591796875 0.29525390625000003 0.11591796875 0.29525390625000003 0.25986328125 0.41982421875 0.25986328125 0.41982421875 0.11591796875
8 0.5627734375 0.11589843749999999 0.44035156249999996 0.11589843749999999 0.44035156249999996 0.2583984375 0.5627734375 0.2583984375 0.5627734375 0.11589843749999999
8 0.707109375 0.11472656249999999 0.5809375 0.11472656249999999 0.5809375 0.2568359375 0.707109375 0.2568359375 0.707109375 0.11472656249999999
8 0.13480468750000002 0.26935546875 0.0070703125 0.26935546875 0.0070703125 0.41228515625 0.13480468750000002 0.41228515625 0.13480468750000002 0.26935546875
8 0.13578125000000002 0.42705078125 0.010859375000000001 0.42705078125 0.010859375000000001 0.5677148437499999 0.13578125000000002 0.5677148437499999 0.13578125000000002 0.42705078125
8 0.13277343749999998 0.58396484375 0.0070703125 0.58396484375 0.0070703125 0.72517578125 0.13277343749999998 0.72517578125 0.13277343749999998 0.58396484375
8 0.13328125 0.740859375 0.00859375 0.740859375 0.00859375 0.8853125000000001 0.13328125 0.8853125000000001 0.13328125 0.740859375
8 0.276015625 0.26947265625 0.15101562500000001 0.26947265625 0.15101562500000001 0.41341796875 0.276015625 0.41341796875 0.276015625 0.26947265625
8 0.41806640625 0.2700390625 0.29271484375 0.2700390625 0.29271484375 0.4133984375 0.41806640625 0.4133984375 0.41806640625 0.2700390625
8 0.5614648437499999 0.26890625 0.43728515625000003 0.26890625 0.43728515625000003 0.41414062500000004 0.5614648437499999 0.41414062500000004 0.5614648437499999 0.26890625
8 0.7062304687500001 0.27228515625 0.58126953125 0.27228515625 0.58126953125 0.41037109374999997 0.7062304687500001 0.41037109374999997 0.7062304687500001 0.27228515625
8 0.8494531249999999 0.27173828125 0.7264062499999999 0.27173828125 0.7264062499999999 0.41341796875 0.8494531249999999 0.41341796875 0.8494531249999999 0.27173828125
8 0.98890625 0.26890625 0.865859375 0.26890625 0.865859375 0.412265625 0.98890625 0.412265625 0.98890625 0.26890625
8 0.84736328125 0.1169921875 0.72302734375 0.1169921875 0.72302734375 0.2558203125 0.84736328125 0.2558203125 0.84736328125 0.1169921875
8 0.98837890625 0.1169921875 0.8652929687500001 0.1169921875 0.8652929687500001 0.2584765625 0.98837890625 0.2584765625 0.98837890625 0.1169921875
8 0.2769140625 0.42521484374999996 0.15074218749999999 0.42521484374999996 0.15074218749999999 0.57072265625 0.2769140625 0.57072265625 0.2769140625 0.42521484374999996
8 0.41888671874999994 0.42572265624999994 0.29376953125 0.42572265624999994 0.29376953125 0.56701171875 0.41888671874999994 0.56701171875 0.41888671874999994 0.42572265624999994
8 0.5620703125000001 0.42521484374999996 0.4373046875 0.42521484374999996 0.4373046875 0.56837890625 0.5620703125000001 0.56837890625 0.5620703125000001 0.42521484374999996
8 0.7067187500000001 0.42521484374999996 0.581328125 0.42521484374999996 0.581328125 0.5686914062499999 0.7067187500000001 0.5686914062499999 0.7067187500000001 0.42521484374999996
8 0.84859375 0.42535156250000006 0.724375 0.42535156250000006 0.724375 0.5701171875 0.84859375 0.5701171875 0.84859375 0.42535156250000006
8 0.99046875 0.42435546874999996 0.8647656250000001 0.42435546874999996 0.8647656250000001 0.5674414062500001 0.99046875 0.5674414062500001 0.99046875 0.42435546874999996
8 0.27791015625000004 0.5855078125000001 0.15271484375 0.5855078125000001 0.15271484375 0.7297265625 0.27791015625000004 0.7297265625 0.27791015625000004 0.5855078125000001
8 0.41896484375 0.58162109375 0.29580078125 0.58162109375 0.29580078125 0.72767578125 0.41896484375 0.72767578125 0.41896484375 0.58162109375
8 0.56275390625 0.58548828125 0.43701171875 0.58548828125 0.43701171875 0.72904296875 0.56275390625 0.72904296875 0.56275390625 0.58548828125
8 0.708359375 0.581953125 0.5799218749999999 0.581953125 0.5799218749999999 0.729375 0.708359375 0.729375 0.708359375 0.581953125
8 0.8500781249999999 0.5820703125 0.725390625 0.5820703125 0.725390625 0.7262109375 0.8500781249999999 0.7262109375 0.8500781249999999 0.5820703125
8 0.98806640625 0.58421875 0.86341796875 0.58421875 0.86341796875 0.7249218749999999 0.98806640625 0.7249218749999999 0.98806640625 0.58421875
8 0.99271484375 0.74392578125 0.86595703125 0.74392578125 0.86595703125 0.88591796875 0.99271484375 0.88591796875 0.99271484375 0.74392578125
8 0.8541015625 0.74267578125 0.7234765624999999 0.74267578125 0.7234765624999999 0.88552734375 0.8541015625 0.88552734375 0.8541015625 0.74267578125
8 0.7084374999999999 0.7413671875000001 0.5778125000000001 0.7413671875000001 0.5778125000000001 0.8869921875 0.7084374999999999 0.8869921875 0.7084374999999999 0.7413671875000001
8 0.279296875 0.7419921875 0.151640625 0.7419921875 0.151640625 0.8852734375000001 0.279296875 0.8852734375000001 0.279296875 0.7419921875
8 0.4189453125 0.7413867187500001 0.2934765625 0.7413867187500001 0.2934765625 0.8857226562499999 0.4189453125 0.8857226562499999 0.4189453125 0.7413867187500001
8 0.563203125 0.7420117187499999 0.43726562500000005 0.7420117187499999 0.43726562500000005 0.88400390625 0.563203125 0.88400390625 0.563203125 0.7420117187499999