0 0.14453125 0.296875 0.23828125 0.30078125 0.28125 0.28125 0.28125 0.0703125 0.26171875 0.03515625 0.2578125 0.03125 0.14453125 0.03515625 0.12890625 0.0625 0.12890625 0.28515625 0.14453125 0.296875
0 0.359375 0.30078125 0.4375 0.30078125 0.4765625 0.2890625 0.4765625 0.06640625 0.4609375 0.03515625 0.39453125 0.03125 0.390625 0.03125 0.33984375 0.03515625 0.32421875 0.0625 0.32421875 0.28515625 0.359375 0.30078125
0 0.53515625 0.296875 0.62109375 0.3046875 0.6640625 0.28515625 0.66796875 0.06640625 0.65234375 0.03515625 0.6328125 0.03515625 0.53515625 0.03515625 0.51953125 0.06640625 0.51953125 0.2890625 0.53515625 0.296875
0 0.74609375 0.3046875 0.82421875 0.30859375 0.86328125 0.29296875 0.8671875 0.078125 0.8515625 0.03515625 0.7734375 0.03515625 0.76953125 0.03125 0.734375 0.03515625 0.71875 0.06640625 0.71875 0.27734375 0.74609375 0.3046875
0 0.85546875 0.6171875 0.8671875 0.609375 0.8671875 0.38671875 0.8515625 0.35546875 0.73828125 0.359375 0.734375 0.35546875 0.71484375 0.390625 0.71484375 0.60546875 0.76171875 0.625 0.85546875 0.6171875
0 0.55078125 0.625 0.65234375 0.62109375 0.671875 0.60546875 0.66796875 0.3828125 0.64453125 0.3515625 0.55859375 0.3515625 0.546875 0.3515625 0.53125 0.35546875 0.51953125 0.390625 0.51953125 0.609375 0.55078125 0.625
0 0.3359375 0.62109375 0.42578125 0.62890625 0.4765625 0.609375 0.4765625 0.390625 0.4609375 0.35546875 0.440625 0.35546875 0.3359375 0.359375 0.328125 0.37890625 0.32421875 0.61328125 0.3359375 0.62109375
0 0.13671875 0.62109375 0.23046875 0.62890625 0.27734375 0.61328125 0.28125 0.39453125 0.265625 0.35546875 0.24544270781250002 0.35546875 0.14453125 0.35546875 0.1328125 0.37109375 0.125 0.609375 0.13671875 0.62109375
0 0.140625 0.94921875 0.24609375 0.94921875 0.27734375 0.93359375 0.27734375 0.71484375 0.26171875 0.6796875 0.24153645781250002 0.6796875 0.140625 0.6796875 0.125 0.7109375 0.125 0.93359375 0.140625 0.94921875
0 0.34375 0.94921875 0.44140625 0.953125 0.4765625 0.9375 0.4765625 0.71484375 0.4609375 0.6796875 0.36328125 0.68359375 0.359375 0.6796875 0.33984375 0.68359375 0.32421875 0.71484375 0.3203125 0.92578125 0.34375 0.94921875
0 0.55859375 0.953125 0.62890625 0.953125 0.66796875 0.93359375 0.671875 0.71484375 0.65625 0.68359375 0.5859375 0.6796875 0.578125 0.6796875 0.53515625 0.68359375 0.51953125 0.71875 0.51953125 0.93359375 0.55859375 0.953125
0 0.734375 0.94921875 0.81640625 0.953125 0.8671875 0.93359375 0.8671875 0.71484375 0.8515625 0.6796875 0.828125 0.68359375 0.82421875 0.6796875 0.7265625 0.68359375 0.7109375 0.71875 0.71484375 0.93359375 0.734375 0.94921875