0 0.23046875 0.578125 0.20703125 0.578125 0.19140625 0.59375 0.203125 0.62890625 0.2421875 0.6171875 0.23046875 0.578125
0 0.5703125 0.59765625 0.55078125 0.5546875 0.52734375 0.5546875 0.5078125 0.57421875 0.5078125 0.6015625 0.52734375 0.62109375 0.5703125 0.59765625
0 0.38671875 0.58984375 0.40625 0.5703125 0.38671875 0.52734375 0.359375 0.52734375 0.34375 0.54296875 0.34375 0.57421875 0.359375 0.58984375 0.38671875 0.58984375
0 0.82421875 0.453125 0.8020833312500001 0.453125 0.69140625 0.453125 0.6875 0.48828125 0.82421875 0.4921875 0.82421875 0.453125
0 0.23046875 0.32421875 0.25390625 0.3046875 0.25390625 0.2578125 0.23046875 0.23828125 0.1953125 0.23828125 0.16796875 0.2734375 0.171875 0.3046875 0.1953125 0.32421875 0.23046875 0.32421875
0 0.625 0.4296875 0.60234375 0.4296875 0.51171875 0.4296875 0.51171875 0.484375 0.62109375 0.48828125 0.625 0.4296875
0 0.25 0.79296875 0.2421875 0.6484375 0.21875 0.6484375 0.1875 0.66015625 0.1875 0.7890625 0.2109375 0.8046875 0.25 0.79296875
0 0.74609375 0.63671875 0.77734375 0.61328125 0.78515625 0.55859375 0.734375 0.51953125 0.7265625 0.51953125 0.6796875 0.546875 0.671875 0.58984375 0.6875 0.62109375 0.74609375 0.63671875
0 0.81640625 0.4140625 0.828125 0.359375 0.8046875 0.3359375 0.7825520828125 0.3359375 0.6953125 0.34375 0.6875 0.40234375 0.71875 0.41796875 0.81640625 0.4140625
0 0.60546875 0.3828125 0.625 0.3515625 0.62109375 0.3046875 0.5859375 0.27734375 0.5546875 0.27734375 0.5078125 0.32421875 0.515625 0.3671875 0.5546875 0.39453125 0.60546875 0.3828125
0 0.5703125 0.640625 0.5494791671875 0.640625 0.5 0.65234375 0.5078125 0.80078125 0.578125 0.796875 0.5703125 0.640625
0 0.37890625 0.3125 0.421875 0.30078125 0.4453125 0.26171875 0.43359375 0.2109375 0.390625 0.1875 0.375 0.1875 0.33203125 0.21484375 0.32421875 0.265625 0.34765625 0.30078125 0.37890625 0.3125
0 0.25390625 0.34765625 0.2333984375 0.34765625 0.16796875 0.3515625 0.171875 0.48828125 0.25390625 0.48828125 0.25390625 0.34765625
0 0.4140625 0.79296875 0.40625 0.609375 0.38541666874999997 0.609375 0.3359375 0.62109375 0.3359375 0.7890625 0.34765625 0.80078125 0.4140625 0.79296875
0 0.78515625 0.65234375 0.7265625 0.65234375 0.72265625 0.6484375 0.671875 0.65234375 0.67578125 0.796875 0.78515625 0.796875 0.78515625 0.65234375
0 0.4453125 0.33984375 0.421875 0.33203125 0.3984375 0.33203125 0.32421875 0.3359375 0.328125 0.48828125 0.4453125 0.484375 0.4453125 0.33984375