8 0.71875 0.37109375 0.828125 0.49609375 0.91796875 0.42578125 0.80859375 0.296875 0.8046875 0.296875 0.75390625 0.3359375 0.73828125 0.328125 0.75 0.33984375 0.71875 0.37109375
8 0.57421875 0.0234375 0.55859375 0.0234375 0.52734375 0.21484375 0.6796875 0.234375 0.7109375 0.046875 0.57421875 0.0234375
8 0.57421875 0.0234375 0.55859375 0.0234375 0.52734375 0.21484375 0.68359375 0.234375 0.71484375 0.05078125 0.57421875 0.0234375
8 0.23046875 0.17578125 0.234375 0.2578125 0.296875 0.3203125 0.37890625 0.328125 0.41015625 0.31640625 0.453125 0.28125 0.47265625 0.2421875 0.46484375 0.15234375 0.3984375 0.09375 0.4453125 0.0625 0.42578125 0.01953125 0.3984375 0.015625 0.39453125 0.01171875 0.359375 0.03125 0.37109375 0.0859375 0.28515625 0.1015625 0.23046875 0.17578125
8 0.41015625 0.27734375 0.40234375 0.12109375 0.35546875 0.1171875 0.3515625 0.08984375 0.3515625 0.08203125 0.34375 0.1171875 0.28515625 0.125 0.3046875 0.28515625 0.41015625 0.27734375
8 0.234375 0.65234375 0.26953125 0.6015625 0.34375 0.55078125 0.3046875 0.48046875 0.27734375 0.46875 0.25390625 0.46875 0.15234375 0.5703125 0.21875 0.63671875 0.234375 0.63671875 0.234375 0.65234375
8 0.0703125 0.29296875 0.05859375 0.328125 0.07421875 0.359375 0.09375 0.36328125 0.08203125 0.375 0.1171875 0.44921875 0.26171875 0.390625 0.1796875 0.22265625 0.17578125 0.21875 0.04296875 0.27734375 0.046875 0.29296875 0.05859375 0.28125 0.0703125 0.29296875
8 0.52734375 0.85546875 0.66796875 0.78125 0.57421875 0.6015625 0.56640625 0.6015625 0.390625 0.625 0.41015625 0.82421875 0.49609375 0.8125 0.52734375 0.85546875
8 0.52734375 0.85546875 0.55078125 0.828125 0.6640625 0.78125 0.57421875 0.6015625 0.56640625 0.6015625 0.390625 0.62890625 0.41015625 0.82421875 0.49609375 0.8125 0.52734375 0.85546875
8 0.25 0.7421875 0.2421875 0.7421875 0.09375 0.7890625 0.1484375 0.984375 0.3046875 0.9375 0.25 0.7421875
8 0.6640625 0.90234375 0.8046875 0.96484375 0.83984375 0.90625 0.94140625 0.92578125 0.97265625 0.73046875 0.828125 0.69921875 0.80859375 0.69921875 0.796875 0.734375 0.734375 0.71875 0.6640625 0.88671875 0.6640625 0.90234375