6 0.69921875 0.60546875 0.74609375 0.6015625 0.75 0.35546875 0.72265625 0.35546875 0.6953125 0.35546875 0.6875 0.37109375 0.6875 0.59765625 0.69921875 0.60546875
6 0.890625 0.60546875 0.90625 0.58984375 0.90234375 0.359375 0.88671875 0.35546875 0.865234375 0.35546875 0.83203125 0.3671875 0.828125 0.59765625 0.83984375 0.60546875 0.890625 0.60546875
6 0.4765625 0.59375 0.47265625 0.35546875 0.45182291875 0.35546875 0.40625 0.359375 0.40625 0.60546875 0.46875 0.60546875 0.4765625 0.59375
6 0.28515625 0.609375 0.328125 0.59765625 0.328125 0.359375 0.296875 0.35546875 0.29296875 0.3515625 0.26171875 0.359375 0.2578125 0.3984375 0.2578125 0.6015625 0.28515625 0.609375
6 0.40234375 0.58984375 0.4140625 0.60546875 0.47265625 0.6015625 0.46484375 0.359375 0.443359375 0.359375 0.421875 0.359375 0.42578125 0.390625 0.40625 0.3984375 0.40234375 0.58984375
6 0.578125 0.609375 0.6171875 0.59375 0.6171875 0.359375 0.60546875 0.35546875 0.580078125 0.35546875 0.546875 0.359375 0.54296875 0.421875 0.54296875 0.59375 0.578125 0.609375
6 0.75390625 0.9453125 0.75390625 0.6875 0.7421875 0.68359375 0.71875 0.68359375 0.6875 0.69140625 0.6875 0.94140625 0.70703125 0.953125 0.75390625 0.9453125
6 0.3203125 0.68359375 0.294921875 0.68359375 0.26171875 0.6875 0.265625 0.953125 0.32421875 0.94921875 0.3203125 0.68359375
6 0.4140625 0.953125 0.46484375 0.953125 0.48046875 0.90625 0.46875 0.83984375 0.4765625 0.6875 0.45703125 0.68359375 0.421875 0.68359375 0.40625 0.6875 0.40234375 0.7265625 0.40234375 0.9375 0.4140625 0.953125
6 0.41796875 0.953125 0.46875 0.94921875 0.48046875 0.90234375 0.46875 0.83984375 0.4765625 0.6875 0.4609375 0.68359375 0.44140625 0.68359375 0.40625 0.6875 0.40234375 0.73046875 0.40234375 0.93359375 0.41796875 0.953125
6 0.828125 0.94140625 0.83984375 0.953125 0.8984375 0.9453125 0.90234375 0.6875 0.8828125 0.68359375 0.8515625 0.68359375 0.83203125 0.6875 0.83984375 0.7109375 0.828125 0.73046875 0.828125 0.94140625
6 0.5546875 0.953125 0.6171875 0.9453125 0.62109375 0.6875 0.59765625 0.68359375 0.5625 0.68359375 0.54296875 0.69140625 0.5390625 0.73828125 0.5390625 0.94140625 0.5546875 0.953125
6 0.890625 0.08203125 0.88671875 0.03125 0.865234375 0.03125 0.8359375 0.03515625 0.84375 0.08203125 0.84765625 0.0703125 0.890625 0.08203125
6 0.8828125 0.14453125 0.87890625 0.140625 0.84375 0.15625 0.83984375 0.25 0.890625 0.26953125 0.8828125 0.14453125
6 0.609375 0.265625 0.60546875 0.03125 0.578125 0.03125 0.546875 0.03515625 0.55078125 0.27734375 0.6015625 0.27734375 0.609375 0.265625
6 0.47265625 0.03125 0.43359375 0.02734375 0.421875 0.02734375 0.40234375 0.0390625 0.40234375 0.26953125 0.4609375 0.27734375 0.47265625 0.03125
6 0.18359375 0.6015625 0.19140625 0.359375 0.16796875 0.3515625 0.14453125 0.3515625 0.12109375 0.359375 0.1171875 0.40234375 0.12890625 0.60546875 0.18359375 0.6015625
6 0.12890625 0.953125 0.18359375 0.94921875 0.17578125 0.68359375 0.154296875 0.68359375 0.12109375 0.6875 0.1171875 0.7265625 0.1171875 0.9453125 0.12890625 0.953125
6 0.6953125 0.27734375 0.74609375 0.27734375 0.7578125 0.26171875 0.75390625 0.03125 0.7330729171875 0.03125 0.69140625 0.03125 0.6875 0.04296875 0.68359375 0.26953125 0.6953125 0.27734375
6 0.19140625 0.26953125 0.19140625 0.03125 0.125 0.03515625 0.12109375 0.03125 0.109375 0.0859375 0.11328125 0.26953125 0.1796875 0.27734375 0.19140625 0.26953125
6 0.26953125 0.27734375 0.3359375 0.265625 0.33203125 0.03125 0.296875 0.03125 0.29296875 0.02734375 0.26171875 0.03515625 0.25390625 0.078125 0.25390625 0.265625 0.26953125 0.27734375