6 0 0.7587890625 0.03125 0.7666015625 0.0810546875 0.724609375 0.1181640625 0.755859375 0.2138671875 0.751953125 0.248046875 0.7099609375 0.2578125 0.4052734375 0.212890625 0.2861328125 0.1284601828125 0.2914113359375 0.0908203125 0.3671875 0.087890625 0.2958984375 0.0546875 0.2333984375 0.06640625 0.1904296875 0 0.1728515625 0 0.7587890625
6 0.34765625 0.3369140625 0.306640625 0.2470703125 0.314453125 0.1923828125 0.2919921875 0.185546875 0.2578125 0.1904296875 0.2578125 0.2509765625 0.236328125 0.2978515625 0.263671875 0.4130859375 0.251953125 0.7216796875 0.28125 0.7412109375 0.3369140625 0.734375 0.3515625 0.7099609375 0.36328125 0.4462890625 0.34765625 0.3369140625
6 0.43359375 0.2900390625 0.4091796875 0.271484375 0.330078125 0.2880859375 0.365234375 0.4130859375 0.35546875 0.7197265625 0.412109375 0.7255859375 0.43359375 0.7158203125 0.451171875 0.6416015625 0.453125 0.3369140625 0.43359375 0.2900390625
6 0.515625 0.2783203125 0.517578125 0.2158203125 0.4521484375 0.212890625 0.435546875 0.2861328125 0.45703125 0.3427734375 0.453125 0.6572265625 0.439453125 0.7080078125 0.486328125 0.7158203125 0.5302734375 0.708984375 0.546875 0.6689453125 0.552734375 0.3564453125 0.515625 0.2783203125
6 0.56640625 0.2783203125 0.568359375 0.2197265625 0.5263671875 0.21484375 0.517578125 0.2763671875 0.544921875 0.3154296875 0.556640625 0.3876953125 0.5390625 0.6962890625 0.5625 0.7021484375 0.59765625 0.6337890625 0.60546875 0.3720703125 0.59375 0.3134765625 0.56640625 0.2783203125
6 0.671875 0.3408203125 0.671875 0.2880859375 0.6220703125 0.283203125 0.6015625 0.4208984375 0.59765625 0.6494140625 0.658203125 0.6552734375 0.6943359375 0.6484375 0.71484375 0.6201171875 0.716796875 0.3994140625 0.671875 0.3408203125
6 1 0.2548828125 0.9736328125 0.265625 0.9306640625 0.255859375 0.9189453125 0.310546875 0.91015625 0.2802734375 0.93359375 0.2158203125 0.9013671875 0.1640625 0.853515625 0.1669921875 0.87109375 0.2041015625 0.865234375 0.2451171875 0.8603515625 0.2578125 0.8251953125 0.255859375 0.8251953125 0.28515625 0.7841796875 0.283203125 0.80078125 0.2763671875 0.7958984375 0.255859375 0.7373046875 0.25390625 0.7265625 0.3310546875 0.708984375 0.3564453125 0.724609375 0.4169921875 0.72265625 0.6455078125 0.7470703125 0.66796875 0.830078125 0.6689453125 1 0.6533203125 1 0.2548828125
6 0.521484375 0.8349609375 0.5224609375 0.794921875 0.466796875 0.7978515625 0.4658203125 0.833984375 0.521484375 0.8349609375
6 0.6171875 0.8330078125 0.62109375 0.7822265625 0.5712890625 0.779296875 0.568359375 0.8310546875 0.6171875 0.8330078125
6 0.70703125 0.8330078125 0.7109375 0.7685546875 0.6611328125 0.765625 0.654296875 0.8310546875 0.70703125 0.8330078125
6 0.82421875 0.8291015625 0.890625 0.8330078125 0.884765625 0.7451171875 0.8388671875 0.7421875 0.84375 0.7763671875 0.82421875 0.8291015625
6 0.736328125 0.8310546875 0.791015625 0.8349609375 0.8046875 0.8310546875 0.80078125 0.7587890625 0.7490234375 0.75390625 0.736328125 0.8310546875
6 0.419921875 0.8349609375 0.4130859375 0.806640625 0.361328125 0.8134765625 0.3642578125 0.8359375 0.419921875 0.8349609375