3 0.09375 0.40625 0.16796875 0.41796875 0.171875 0.43359375 0.2421875 0.3984375 0.27734375 0.33984375 0.27734375 0.296875 0.2578125 0.28515625 0.25390625 0.28125 0.24609375 0.296875 0.2265625 0.2890625 0.08203125 0.328125 0.09375 0.40625
3 0.16015625 0.4375 0.12109375 0.4453125 0.11328125 0.4375 0.09375 0.44140625 0.09375 0.45703125 0.1796875 0.45703125 0.16015625 0.4375
3 0.28515625 0.4453125 0.20703125 0.4375 0.203125 0.4375 0.19140625 0.4453125 0.19921875 0.4609375 0.28125 0.45703125 0.28515625 0.4453125
3 0.23046875 0.6796875 0.2080078125 0.6796875 0.140625 0.6796875 0.140625 0.69921875 0.23046875 0.69921875 0.23046875 0.6796875
3 0.33984375 0.21875 0.31640625 0.2109375 0.294921875 0.2109375 0.2265625 0.21484375 0.234375 0.23046875 0.3359375 0.23046875 0.33984375 0.21875
3 0.2890625 0.55078125 0.26171875 0.51171875 0.25 0.51171875 0.09375 0.59765625 0.1015625 0.63671875 0.15234375 0.66796875 0.2890625 0.55078125
3 0.5546875 0.83984375 0.83984375 0.83203125 0.78515625 0.78515625 0.69921875 0.765625 0.69140625 0.765625 0.6171875 0.77734375 0.53125 0.81640625 0.53125 0.828125 0.5546875 0.83984375
3 0.171875 0.77734375 0.140625 0.79296875 0.15625 0.828125 0.19140625 0.8515625 0.2421875 0.859375 0.34375 0.828125 0.40234375 0.84375 0.42578125 0.81640625 0.40625 0.80078125 0.38671875 0.83203125 0.3671875 0.8125 0.37890625 0.7734375 0.3515625 0.76171875 0.30078125 0.8203125 0.30078125 0.765625 0.25390625 0.7421875 0.234375 0.7421875 0.22265625 0.75 0.24609375 0.8125 0.234375 0.83203125 0.171875 0.77734375
3 0.5625 0.09765625 0.609375 0.1796875 0.65234375 0.1875 0.8203125 0.16796875 0.74609375 0.15625 0.8046875 0.1171875 0.79296875 0.10546875 0.75390625 0.109375 0.76171875 0.078125 0.71484375 0.125 0.70703125 0.09375 0.671875 0.0703125 0.65234375 0.0703125 0.625 0.078125 0.62109375 0.125 0.578125 0.08984375 0.5625 0.09765625
3 0.24609375 0.1875 0.32421875 0.1875 0.34765625 0.15625 0.39453125 0.13671875 0.390625 0.09375 0.3125 0.08984375 0.24609375 0.04296875 0.2109375 0.04296875 0.171875 0.07421875 0.16796875 0.125 0.1953125 0.16015625 0.24609375 0.1875
3 0.83203125 0.421875 0.87890625 0.39453125 0.8828125 0.34765625 0.859375 0.3125 0.8203125 0.328125 0.79296875 0.36328125 0.78515625 0.3359375 0.7578125 0.31640625 0.76953125 0.3046875 0.765625 0.30078125 0.74609375 0.3046875 0.70703125 0.35546875 0.71875 0.40625 0.83203125 0.421875