2 0.1826171875 0.2421875 0.0361328125 0.265625 0.00390625 0.3017578125 0.0224609375 0.33203125 0.0615234375 0.34765625 0.126953125 0.3466796875 0.203125 0.3310546875 0.2060546875 0.3203125 0.1484375 0.2978515625 0.1826171875 0.2421875
2 0.6455078125 0.2421875 0.54296875 0.2666015625 0.548828125 0.3330078125 0.615234375 0.3466796875 0.697265625 0.3271484375 0.701171875 0.2685546875 0.6845703125 0.251953125 0.6455078125 0.2421875
2 0.9189453125 0.21875 0.8486328125 0.2421875 0.8115234375 0.234375 0.7841796875 0.251953125 0.783203125 0.2783203125 0.806640625 0.3134765625 0.87109375 0.3408203125 0.9222600312499999 0.3195385234375 0.9794921875 0.30859375 0.982421875 0.2529296875 0.9189453125 0.21875
2 0.3935546875 0.216796875 0.3642578125 0.19140625 0.28125 0.2314453125 0.294148359375 0.262921653125 0.296875 0.3154296875 0.35886289374999997 0.3428816125 0.453125 0.2998046875 0.455078125 0.2490234375 0.4345703125 0.216796875 0.3935546875 0.216796875
2 0.0283203125 0.4921875 0.02734375 0.5478515625 0.056861690625 0.5600787234375 0.083984375 0.5712890625 0.1748046875 0.54296875 0.1796875 0.4853515625 0.1181640625 0.458984375 0.0283203125 0.4921875
2 0.701171875 0.4697265625 0.7109375 0.4462890625 0.6669921875 0.41796875 0.6455078125 0.4375 0.6181640625 0.41796875 0.5283203125 0.45703125 0.537109375 0.4814453125 0.517578125 0.4912109375 0.5390625 0.5029296875 0.5478515625 0.53125 0.59375 0.5556640625 0.6923828125 0.515625 0.6953125 0.4931640625 0.720703125 0.4794921875 0.701171875 0.4697265625
2 0.43499764374999994 0.4787885390625 0.4072265625 0.46875 0.37155194062499997 0.4584660234375 0.3525390625 0.431640625 0.25354308125 0.47624826093749995 0.2738457234375 0.49784091874999997 0.2734375 0.5498046875 0.2880859375 0.572265625 0.31640625 0.5751953125 0.4326171875 0.53515625 0.435546875 0.5009765625 0.470703125 0.4814453125 0.43499764374999994 0.4787885390625
2 0.97265625 0.4599609375 0.9306640625 0.416015625 0.9111328125 0.4296875 0.8916015625 0.40625 0.7998046875 0.451171875 0.802734375 0.4755859375 0.787109375 0.4736328125 0.8125 0.5263671875 0.865234375 0.5673828125 0.9541015625 0.5234375 0.982421875 0.4931640625 0.9609375 0.4814453125 0.97265625 0.4599609375
2 0.0546875 0.6650390625 0.0673828125 0.681640625 0.1171875 0.6865234375 0.1474609375 0.6796875 0.154296875 0.6591796875 0.0791015625 0.6484375 0.0546875 0.6650390625
2 0.0615234375 0.701171875 0.0546875 0.7744140625 0.115234375 0.7861328125 0.15625 0.7744140625 0.154296875 0.7060546875 0.1337890625 0.693359375 0.0615234375 0.701171875
2 0.458984375 0.7333984375 0.4091796875 0.697265625 0.3173828125 0.6796875 0.3125 0.7158203125 0.2724609375 0.724609375 0.267578125 0.7490234375 0.3056640625 0.7890625 0.33203125 0.7880859375 0.4091796875 0.779296875 0.4189453125 0.759765625 0.4521484375 0.765625 0.458984375 0.7333984375
2 0.5419921875 0.6875 0.515625 0.7138671875 0.5185546875 0.74609375 0.6083984375 0.78515625 0.65625 0.7880859375 0.7421875 0.7587890625 0.6259765625 0.6953125 0.6318359375 0.662109375 0.5419921875 0.6875